[  101.467435] [Project 1] 2150 1588156648.832876710 1588156649.608069240
[  102.937826] [Project 1] 2151 1588156650.335974301 1588156651.079195337
[  104.522066] [Project 1] 2152 1588156651.833751591 1588156652.664228371
[  106.201415] [Project 1] 2174 1588156653.492205097 1588156654.344417253
[  108.505115] [Project 1] 2184 1588156655.787068984 1588156656.649268612
[  109.982741] [Project 1] 2189 1588156657.384435297 1588156658.127633318
[  111.478739] [Project 1] 2191 1588156658.878551507 1588156659.624379009
[  112.954449] [Project 1] 2192 1588156660.364564409 1588156661.100826130
[  114.462566] [Project 1] 2194 1588156661.872424312 1588156662.609697322
[  115.929880] [Project 1] 2195 1588156663.344410859 1588156664.077745534
